LEOCH Inventory as of ,,,,,,,,,,,,,,,,,,,,,
1/12/2026,,,,,,,,,,,,,,,,,,,,,
,,,,,,,, California ,,,,,,, Dallas (DFW)  ,,,,,,
Part #,Terminal,Group Size,"Length
(In.)","Width
(In.)","Height
(In.)","Total Hgt
(In.)","Case/
Pallet Qty", In-stock , Estimated to Arrive … ,,,,,, In-stock , Estimated to Arrive … ,,,,Comment,
,,,,,,,,1/12,1/29,1/29,3/6,TBA,1/0,1/0,1/12,1/11,1/13,2/16,4/17,,
General Purpose (LP & LPL Series),,,,,,,,,,,,,,,,,,,,,
LP6-1.2  ,T1,,3.8,0.9,2.0,2.3,3060,0,0,0,0,,0,0,2188,0,0,0,0,,
LP6-2.8,T1,,2.6,1.3,3.8,4.1,1800,0,,,,,,,0,,,,,,
LP6-3.2  ,T1,,5.3,1.3,2.4,2.6,1400,0,,,,,,,0,,,,,,
LP6-4.5 ,T1,645,2.8,1.9,4.0,4.2,1320,300,,,,,0,0,120,,,,,,
LP6-4.5  ,T2,,2.8,1.9,3.9,4.2,20,0,,,,,,,0,,,,,,
LP6-5.0,T1,,6.7,1.4,2.8,2.9,960,0,,,,,,,0,,,,,,
LP6-7.5,T1/T2,,5.9,1.3,3.7,3.9,720,0,,,,,,,0,,,,,,
LP6-8.5H,T1/T2,,3.9,2.2,4.6,4.7,600,0,,,,,,,0,,,,,,
LPL6-11,T1,,5.9,2.0,3.7,3.9,600,0,,,,,,,0,,,,,,
LP6-12(T1),T1,,5.9,2.0,3.7,3.9,500,0,0,0,0,,0,0,0,0,0,0,0,,
LP6-12,T2,,5.9,2.0,3.7,3.9,500,0,,,,,,,0,,,,,,
LP6-60,T2/T3,,7.3,4.4,8.1,8.1,84,0,,,,,,,0,,,,,,
LP6-200H,T11,6-27,12.1,6.6,8.7,9.0,36,36,0,0,0,,0,0,98,0,0,0,0,,
LP12-1.2  ,T1,,3.8,1.7,2.0,2.3,1200,425,,,,,0,0,400,,,,,,
LP12-2.2,T1,,2.8,1.9,3.9,4.1,1200,0,,,,,,,0,,,,,,
LP12-2.3  ,T1,,7.0,1.4,2.4,2.6,960,0,,,,,,,0,,,,,,
LP12-2.8,T1,,5.2,1.3,3.9,4.1,800,0,,,,,,,0,,,,,,
LP12-2.9,T1,,3.1,2.2,3.9,4.1,840,0,,,,,,,0,,,,,,
LP12-2.9 FR,T1,,3.1,2.2,3.9,4.1,10,0,,,,,,,0,,,,,,
LP12-2.9L,T1,,7.0,1.4,2.4,2.6,840,0,,,,,,,0,,,,,,
LP12-3.2,T1,,5.3,2.6,2.4,2.6,840,0,,,,,,,0,,,,,,
LP12-4.5(1.48),T1,125,3.5,2.8,4.0,4.2,600,564,0,0,0,,0,0,0,0,0,0,0,weight: 1.48kg,
LP12-4.5(1.6),T1,125,3.5,2.8,4.0,4.2,600,0,,,,,0,0,1195,,,,,weight: 1.6kg,
LPL12-4.5 ,T2,,5.9,2.1,3.7,3.9,10,0,,,,,,,0,,,,,,
LP12-6W(T1),T1,125,3.5,2.8,4.0,4.2,600,0,,,,,,,0,,,,,,
LP12-6W(T2),T2,125,3.5,2.8,4.0,4.2,600,0,,,,,0,0,463,,,,,,
LP12-6.5,T1,127,5.9,2.0,3.7,3.9,450,0,,,,,,,0,,,,,,
LPE12-5.0,T1,,3.5,2.8,4.0,4.2,600,0,,,,,,,0,,,,,,
LP12-7.0(T2),T2,127,5.9,2.6,3.7,3.9,450,274,,,,,0,0,0,,,,,,
LP12-7.2  ,T1,127,5.9,2.6,3.7,3.9,450,306,0,0,0,,0,80,3017,0,0,0,0,,
LP12-7.2 ,T1/T3,127,5.9,2.6,3.7,3.9,450,0,,,,,,,0,,,,,,
LP12-9,T1/T2/T3,127,5.9,2.6,3.7,3.9,450,0,,,,,,,0,,,,,,
LP12-9 ,T2,127,5.9,2.6,3.7,3.9,450,552,900,0,0,,0,200,844,0,0,0,0,,
LP12-10H  ,T1,,5.9,2.6,4.4,4.6,288,0,,,,,,,0,,,,,,
LP12-10H  ,T2,,5.9,2.6,4.4,4.6,288,0,,,,,,,0,,,,,,
LP12-12,T2,1212,5.9,3.9,3.7,4.0,240,0,,,,,0,0,1435,,,,,,
LPL12-12,T2,1212,5.9,3.9,3.7,4.0,240,1401,,,,,0,76,72,,,,,,
LPL12-12 ,T2,1212,5.9,3.9,3.7,4.0,240,0,,,,,,,0,,,,,,
LP12-14,T1/T2,1212,5.9,3.9,3.7,4.0,240,0,,,,,,,0,,,,,,
LP12-18,T3,1218,7.1,3.0,6.6,6.6,180,0,,,,,0,0,608,,,,,,
LPL12-18 ,T3,1218,7.1,3.0,6.6,6.6,108,180,0,0,0,,0,0,498,0,0,0,0,,
LPL12-18 (DJW),T3,,7.1,3.0,6.6,6.6,2,0,,,,,,,0,,,,,,
LP12-26(T3),T3,,6.5,6.9,4.9,4.9,120,0,0,0,0,,0,0,0,0,0,0,0,,
LP12-28H,T12,,6.5,4.9,6.9,7.2,108,0,,,,,,,0,,,,,,
LP12-33,T5,U1,7.7,5.1,6.5,7.1,1,0,,,,,,,0,,,,,,
LP12-33,T5/T6/T12,U1,7.7,5.1,6.5,7.1,96,0,,,,,,,0,,,,,,
LP12-35,T5,U1,7.7,5.1,6.5,7.1,96,63,0,0,0,,0,6,52,0,0,96,96,,
LP12-35(T6),T6,U1,7.7,5.1,6.5,7.1,96,0,,,,,0,0,0,,,,,,
LPL12-38 ,T6,,7.8,6.5,6.7,6.7,1,0,,,,,,,0,,,,,,
LP12-45(T6),T6,,7.8,6.5,6.7,6.7,72,79,,,,,0,0,0,,,,,,
LP12-55 ,T6,22NF,9.0,5.4,8.1,8.9,60,0,,,,,,,0,,,,,,
LPL12-55 ,T6,22NF,9.0,5.4,8.3,9.1,60,0,,,,,,,0,,,,,,
LPL12-55,T6,22NF,9.0,5.4,8.3,9.1,60,9,,,,,0,0,0,,,,,,
LPL12-75,T6,24,10.2,6.6,8.2,8.2,36,0,,,,,,,0,,,,,,
LPL12-75(T6) ,T6,24,10.2,6.6,8.2,8.2,36,139,0,0,0,,0,0,0,0,0,0,0,,
LPL12-75(T14) ,T14,24,10.2,6.6,8.2,8.2,36,68,,,,,0,0,0,,,,,,
LPL12-90H,T6/T14,27,13.0,6.8,8.3,8.7,36,0,,,,,,,0,,,,,,
LP12-110,T11,31,13.0,6.8,8.3,8.7,-,108,,,,,0,0,0,,,,,,
LPL12-100,T11,31,13.0,6.8,8.3,8.7,36,28,,,,,0,0,42,,,,,,
LPL12-150FR,T11,,19.0,6.7,9.4,9.4,24,56,,,,,0,0,0,,,,,,
LP12-180,T11,4D,20.9,8.1,8.4,8.7,1,0,,,,,,,0,,,,,,
LP12-250,T11,8D,20.6,10.6,8.7,8.9,1,0,,,,,,,0,,,,,,
LP2-600FR (2-TIER Rack),T11,,11.8,6.9,13.0,13.8,1,0,,,,,,,0,,,,,,
High Cycling (LPC Series),,,,,,,,,,,,,,,,,,,,,
LPC12-55,T6,22NF,9.0,5.4,8.3,9.1,60,0,,,,,,,0,,,,,,
LPC12-75,T6/T9,24,10.2,6.6,8.2,8.4,45,0,,,,,,,0,,,,,,
LPC12-100,T6/T11,31,13.0,6.8,8.3,8.7,36,0,,,,,,,0,,,,,,
GEL (LPG Series),,,,,,,,,,,,,,,,,,,,,
LPG12-50,T6,22NF,9.0,5.4,8.1,8.3,60,0,,,,,,,0,,,,,,
LPG12-70H ,T6,24,10.2,6.6,8.2,8.4,45,0,,,,,,,0,,,,,,
LPG12-85  ,T6,27,12.0,6.6,8.2,8.4,36,0,,,,,,,0,,,,,,
LPG12-100,T11,31,13.0,6.8,8.3,8.6,36,0,,,,,,,0,,,,,,
LPG12-125,T11,,13.6,6.8,10.8,11.0,24,0,,,,,,,0,,,,,,
Deep Cycle AGM (LDC & EV Series),,,,,,,,,,,,,,,,,,,,,
LDC6-210-GC2,DT-5/16,GC2,10.2,7.1,9.9,10.8,30,6,,,,,0,0,0,,,,,,
LDC6-224-GC2,T11(M8),GC2,10.2,7.1,9.7,10.0,30,30,40,0,60,,0,28,86,0,60,120,90,,
LDC6-245,T11(M8),DIN,9.6,7.4,10.8,10.8,30,0,,,,,,,0,,,,,,
LDC6-265-GC2,T11(M8),GC2,10.3,7.1,10.4,10.6,27,0,,,,,0,12,848,,,,,,
LDC6-275,DT-5/16,901 (250),11.6,7.1,10.8,11.7,24,0,,,,,,,0,,,,,,
LDC6-350,DT-3/8,902 (305),11.6,7.1,13.6,14.5,24,4,0,0,0,,0,10,68,0,0,0,0,,
LDC6-400-L16,DT-5/16,903 (L16),11.6,7.1,16.0,16.9,24,21,0,0,0,,0,13,26,180,0,0,0,,
LDC8-165-GC8,DT-5/16,GC8,10.2,7.1,9.9,10.8,30,0,,,,,0,1,0,,,,,,
LDC8-180-GC8,DT-5/16,GC8,10.2,7.1,9.9,10.8,30,0,,,,,0,0,118,,,,,,
LDC8-210-GC8H,T11(M8),GC8H,10.2,7.2,11.6,11.7,30,0,,,,,0,0,7,,,,,,
LDC12-39,T6,U1,7.7,5.1,6.5,6.6,84,0,,,,,0,0,0,,,,,,
LDC12-53,T6,,7.8,6.5,6.5,6.7,72,0,,,,,,,0,,,,,,
LDC12-90-G24-DT,DT-5/16 ,24,10.2,6.6,8.2,9.2,45,9,,,,,0,0,93,,,,,,
LDC12-90-G24-T,T6-A,24,10.2,6.6,8.2,8.4,45,0,,,,,,,0,,,,,,
LDC12-105-G27-DT,DT-5/16 ,27,12.1,6.6,8.2,9.2,30,72,0,0,0,,0,7,1,60,0,0,0,,
LDC12-105-G27-T,T6-A,27,12.1,6.6,8.2,8.4,30,0,,,,,,,0,,,,,,
LDC12-115-G31-DT,DT-5/16,31,13.0,6.8,8.4,9.3,36,61,0,0,36,,0,62,0,0,0,72,72,,
LDC12-115-G31-T,T11,31,13.0,6.8,8.4,8.7,36,208,,,,,0,20,91,,,,,,
LDC12-140 ,T11(M8),,16.1,6.9,8.9,8.9,30,0,30,0,0,,0,0,27,120,0,0,0,,
LDC12-150-GC12 ,T11(M8),,16.1,7.0,8.9,8.9,1,0,,,,,,,0,,,,,,
LDC12-145,T11(M8),DIN,13.4,6.8,11.0,11.3,24,0,,,,,0,0,0,,,,,,
LDC12-150-GC12,T11(M8),GC12,12.9,7.1,10.8,10.8,24,0,0,0,0,,0,0,0,0,0,96,60,,
LDC12-180,T11(M8),,19.0,6.7,9.4,9.4,16,0,,,,,,,0,,,,,,
LDC12-200-4D,DT-3/8,4D,20.8,8.4,8.7,9.6,18,0,,,,,0,4,0,,,,,,
LDC12-220,DT-3/8,921 (185),15.2,7.1,13.6,14.5,20,10,,,,,0,0,0,,,,,,
LDC12-245,DT-3/8,921 (185),15.2,7.1,13.6,14.5,20,0,,,,,0,0,0,,,,,,
LDC12-250-8D,DT-3/8,8D,20.8,11.0,9.1,9.9,12,0,,,,,0,0,0,,,,,,
LDC12-285-8D,DT-3/8,8D,20.8,11.0,9.1,9.9,12,0,,,,,,,0,,,,,,
LDC12-330-8D ,DT-3/8,8D,20.8,11.0,9.1,9.9,12,0,0,0,0,,0,0,12,0,0,0,0,,
High Rate UPS (LPX & XP Series),,,,,,,,,,,,,,,,,,,,,
LPX12-3.2,T1,,5.3,2.6,2.4,2.6,10,0,,,,,,,0,,,,,,
LPX12-5.4FR,T2,125,3.5,2.8,4.0,4.2,500,1289,,,,,0,0,0,,,,,,
LPX12-7,T1/T3,,5.9,2.6,3.9,3.9,5,0,,,,,,,0,,,,,,
LPX12-7FR,T2,127,5.9,2.6,3.7,3.9,450,0,,,,,0,0,122,,,,,,
LPX12-9FR  ,T2,127,5.9,2.6,3.7,3.9,375,911,,,,,0,0,538,,,,,,
LPX12-12,T1/T2,1212,5.9,3.9,3.7,4.2,240,0,,,,,,,0,,,,,,
XP6-620FR ,T11,,12.7,6.8,9.0,9.1,24,0,,,,,,,0,,,,,,
XP12-100FR   ,T12,,6.5,4.9,6.8,6.9,108,0,,,,,,,0,,,,,,
XP12-150FR,T6,U1,7.7,5.1,6.5,6.6,96,0,,0,0,,0,0,0,0,0,0,0,,
XP12-210FR,T6,22NF,9.0,5.4,7.9,8.0,60,0,0,0,180,,0,5,130,0,0,60,0,,
XP12-240FR,T6,22NF,9.0,5.4,7.9,8.0,1,0,,,,,,,0,,,,,,
XP12-300FR,T6,24,10.2,6.6,8.2,8.3,32,167,0,0,0,,0,21,357,0,0,0,0,,
XP12-350FR,T6,27,12.0,6.6,8.1,8.3,36,248,0,0,0,,0,0,282,0,0,0,144,,
XP12-400FR,T8,31,12.8,6.7,8.4,8.5,36,136,0,0,0,,0,16,45,0,0,0,0,,
XP12-490FR,T8,,13.2,6.8,10.8,10.9,24,0,,,,,,,0,,,,,,
XP12-540FR,T8,,13.2,6.8,10.8,10.9,24,0,0,0,120,,0,16,0,0,0,0,0,,
HXP12-540 FR ,T8(M6),,13.2,6.8,10.8,10.9,24,192,,,,,0,0,16,,,,,,
Pure Lead High Rate (PLX Series),,,,,,,,,,,,,,,,,,,,,
PLX12-330,T6(M6),24,10.24,6.61,8.19,8.31,24,0,,,,,,,0,,,,,,
PLX12-420,T8(M6),31,13.42,6.69,8.39,8.49,24,0,,,,,,,0,,,,,,
PLX12-500 ,T8(M6),,13.42,6.69,10.76,10.85,24,0,,,,,,,0,,,,,,
PLX12-540 ,T8(M6),,13.42,6.69,10.76,10.85,24,0,,,,,,,0,,,,,,
PLX12-620,T8(M6),,13.42,6.69,10.76,10.85,24,0,,,,,,,0,,,,,,
PLX12-400FT,T8(M6),,15.96,4.25,11.30,11.30,28,0,,,,,,,0,,,,,,
PLX12-450FT,T8(M6),,22.01,4.92,8.94,8.94,24,0,,,,,,,0,,,,,,
PLX12-600FT,T8(M6),,22.48,4.92,10.24,10.24,16,0,,,,,,,0,,,,,,
PLX12-620FT,T8(M6),,22.01,4.92,12.60,12.60,16,0,,,,,,,0,,,,,,
PLX12-700FT(A),T8(M6),,22.01,4.92,12.60,12.60,16,0,,,,,,,0,,,,,,
PLX12-730FT,T8(M6),,22.48,4.92,12.60,12.60,16,0,,,,,,,0,,,,,,
Pure Lead + Carbon,,,,,,,,,,,,,,,,,,,,,
PLC+C180FT,T8(M6),,22.0,4.9,12.6,12.6,16,64,,,,,0,20,66,,,,,,
AGM Front Terminal (LPF Series),,,,,,,,,,,,,,,,,,,,,
LPF12-40,T6,,10.9,4.2,8.7,8.7,60,0,,,,,,,0,,,,,,
LPF12-40B FR,T12,,,,,,1,0,,,,,,,0,,,,,,
LPF12-55FR,T6,,10.9,4.2,8.7,8.7,48,124,0,0,0,,0,0,119,0,0,0,0,,
LPF12-90FR,T13,,15.5,4.3,11.2,11.2,24,0,,,,,,,0,,,,,,
LPF12-100A,T13,,20.0,4.3,9.4,9.4,24,222,0,0,0,,0,0,96,0,96,0,0,,
LPF12-100AFR,T13,,20.0,4.3,9.4,9.4,24,56,0,0,0,,0,0,165,0,48,24,0,,
LPF12-100 FR,T13,,15.5,4.3,11.3,11.3,24,0,,,,,,,0,,,,,,
LPF12-150BFR,T13,,21.5,4.3,11.0,11.0,20,134,0,0,0,,0,0,0,0,0,0,0,,
LPF12-165FR ,T13,,22.0,5.0,11.0,11.0,16,0,,,,,0,0,0,,,,,,
LPF12-190FR ,T11,,22.0,4.9,12.6,12.6,16,0,,,,,,,0,,,,,,
Pure Lead Long Life (PLH Series),,,,,,,,,,,,,,,,,,,,,
PLH40FT,T6(M6),,11.8,3.8,7.2,7.2,69,69,,,,,0,0,18,,,,,,
PLH62FT,T6(M6),,11.8,3.8,10.5,10.5,46,0,0,0,0,,0,0,3,0,0,0,0,,
PLH90FT,T8(M6),,16.0,4.3,11.3,11.3,32,0,,,,,,,0,,,,,,
PLH-100  ,T11,31,13.5,6.9,8.4,8.5,1,0,,,,,,,0,,,,,,
PLH100FT(A),T8(M6),,16.0,4.3,11.3,11.3,28,0,84,0,0,,0,0,12,0,168,0,112,,
PLH110FT ,T8(M6),,22.0,4.9,8.9,8.9,24,0,,,,,,,0,,,,,,
PLH150FT(A),T8(M6),,22.0,4.9,10.9,10.9,16,64,0,0,0,,0,0,287,0,96,0,0,,
PLH170FT,T8(M6),,22.0,4.9,12.6,12.6,16,0,,,,,0,0,106,,,,,,
PLH190FT(A),T8(M6),,22.0,4.9,12.6,12.6,16,105,0,0,0,,0,0,166,0,0,0,0,,
PLH210FT,T8(M6),,22.0,4.9,12.9,12.9,16,184,80,0,0,,0,18,213,0,0,0,0,,
Pure Lead Motive Traction,,,,,,,,,,,,,,,,,,,,,
PLF12-186FT,M8,,22.0,4.9,12.6,12.6,16,58,,,,,0,0,0,,,,,,
Mono-Bloc Outside Plant (LOP Series),,,,,,,,,,,,,,,,,,,,,
LOP12-38FR,T6,,7.8,6.5,6.7,6.7,1,0,,,,,,,0,,,,,,
LOP12-40FR,T7,,10.0,3.8,8.0,8.0,90,0,0,0,0,,0,0,0,0,0,0,0,,
LOP12-52FR,T6,22NF,9.0,5.4,8.3,9.1,90,0,,,,,0,0,0,,,,,,
LOP12-88FR,T6,27,12.0,6.6,8.1,8.4,30,0,,,,,,,0,,,,,,
LOP12-134FR,T11,,13.6,6.8,10.8,11.0,1,0,,,,,,,0,,,,,,
48 volt LiFePO,,,,,,,,,,,,,,,,,,,,,
LFeLi-48100TB-SNMP (LCD),,,17.4,17.7,5.2,5.2,1,,,,,,,,0,,,,,,
LFeLi-48100T-SNMP (No LCD),,,17.4,17.7,5.2,5.2,1,0,,,,,,,135,,,,60,,
LFeLi-48200T-SNMP (No LCD),,,17.4,20.5,9.6,9.6,1,0,,,,,,,52,,,,80,,
MKS-GP51105A,,,,,,,1,0,,,,,,,84,,,,,,
MKS-GP51160,,,,,,,1,0,,,,,,,84,,,,,,
LFeLi-48100DB (48V 100AH),,,17.2,16.5,8.7,8.7,1,0,,,,,,,0,,,,,,
Part #,Terminal,Group Size,AH CAP. 20HR,RC MIN @ 25A,"CCA 0℉
(-18℃)","CA 32℉
(0℃)",Pallet Qty,1/12,1/29,1/29,3/6,TBA,1/0,1/0,1/12,1/11,1/13,2/16,4/17,,
LAWN & GARDEN - CONVENTIONAL FLOODED BATTERIES,,,,,,,,,,,,,,,,,,,,,
U1L-215,4,U1,17,22,215,260,128,0,,,,,,,0,,,,,,
U1L-250,4,U1,20,24,250,300,128,0,,,,,,,0,,,,,,
U1L-300,4,U1,23,32,300,350,96,0,,,,,,,0,,,,,,
U1L-355,4,U1,29,41,355,415,96,0,,,,,,,0,,,,,,
U1R-215,4,U1,17,22,215,260,128,0,,,,,,,0,,,,,,
U1R-250,4,U1,20,24,250,300,128,0,,,,,,,0,,,,,,
U1R-300,4,U1,23,32,300,350,96,0,,,,,,,0,,,,,,
U1R-355,4,U1,29,41,355,415,96,0,,,,,,,0,,,,,,
Flooded Deep Cycle,,,,,,,,,,,,,,,,,,,,,
DT606,DT-M8(A）,GC2,210,380,-,-,32,2000,,,,,,,0,,,,,,
DT-L16,"DT(5/16"")",903,420,850,-,-,24,50,0,0,0,,0,0,20,0,0,0,0,,
AGM Commercial Heavy Duty,,,,,,,,,,,,,,,,,,,,,
HDP31T-850,13,31T,100,190,850,1020,36,0,,,,,,,0,,,,,,
Flooded Commercial Heavy Duty,,,,,,,,,,,,,,,,,,,,,
HD31T-950,13,31T,100,190,950,1140,36,0,,,,,,,0,,,,,,
AUTOMOTIVE - AGM BATTERIES,,,,,,,,,,,,,,,,,,,,,
AGM-48-760,1,48 (H6/L3),70,120,760,912,48,0,,,,,,,0,,,,,,
AGM-L1,1,L1,8.2,6.9,7.5,7.5,72,0,,,,,,,0,,,,,,
AGM-94R-800 ,1,94R (H7/L4),80,140,800,960,36,144,,,,,0,0,36,,,,,,
Pure Lead Marine,,,,,,,,,,,,,,,,,,,,,
PLS-631-103M,12,31,103,220,1150,-,36,0,,,,,0,0,0,,,,,,
PLS-G31-103T,13,31,103,220,1150,-,36,146,,,,,0,0,0,,,,,,
AUTOMOTIVE - CONVENTIONAL FLOODED BATTERIES,,,,,,,,,,,,,,,,,,,,,
24M-525,1,24DC,-,140,525,-,-,9,,,,,0,0,0,,,,,,
24-660,1,24,80,138,660,725,54,0,,,,,,,0,,,,,,
24R-660,1,24R,80,138,660,725,54,0,,,,,,,0,,,,,,
24R-750,1,24R,75,138,750,825,36,0,,,,,,,0,,,,,,
26R-575,1,26R,-,90,575,715,-,0,,,,,0,0,123,,,,,,
27R-750,1,27R,80,120,750,900,48,0,,,,,,,0,,,,,,
34-700 ,1,34,70,122,700,770,54,0,,,,,,,0,,,,,,
35-550,1,35,63,104,550,700,54,0,,,,,0,0,120,,,,,,
35-640,1,35,65,120,640,700,54,0,,,,,,,0,,,,,,
47-650,1,47 H5/L2,65,108,650,750,54,0,,,,,,,0,,,,,,
48-680,1,48 (H6/L3),75,128,680,780,64,0,,,,,,,0,,,,,,
48-730,1,48 (H6/L3),75,128,730,840,48,0,,,,,,,0,,,,,,
49-860,1,49 (H8/L5),100,179,860,1030,36,0,,,,,,,0,,,,,,
51-430,1,51,48,75,430,495,72,0,,,,,,,0,,,,,,
51R-500,1,51R,53,85,500,575,72,0,,,,,,,0,,,,,,
65-670,1,65,80,138,670,737,48,0,,,,,,,0,,,,,,
65-770,1,65,85,150,770,847,48,0,,,,,,,0,,,,,,
75-660,20,75,65,110,660,720,54,0,,,,,,,0,,,,,,
78-720,20,78,70,122,720,790,54,0,,,,,,,0,,,,,,
94R-820 ,1,94R (H7/L4),85,150,820,980,48,0,,,,,,,0,,,,,,
96R-600 ,1,96R (T5/LB2),55,94,600,720,72,0,,,,,,,0,,,,,,
Chargers,,,,,,,,,,,,,,,,,,,,,
LC-2101 with 3-pin connector,,,,,,,,0,,,,,,,0,,,,,,
LC-2213  -  12V-4A  (alligator clips),,,,,,,,42,,,,,,,0,,,,,,
LC-2195  -  6V-0.3A  (alligator clips),,,,,,,,124,,,,,,,0,,,,,,
LC-2199  (alligator clips),,,,,,,,25,,,,,,,0,,,,,,
LC-2200  --  6V-1A  (alligator clips),,,,,,,,150,,,,,,,0,,,,,,
LC-2211  --  6V-4A  (alligator clips),,,,,,,,36,,,,,,,0,,,,,,
LC4-24-3A  --  24V3A  (alligator clips),,,,,,,,36,,,,,,,0,,,,,,
LC4-24-3A-3PIN  --  24V3A   ,,,,,,,,200,,,,,,,0,,,,,,
LC1-12-1A  --  12V-1A  (alligator clips),,,,,,,,200,,,,,,,0,,,,,,
LC1-12-3A  --  12V-3A  (alligator clips),,,,,,,,398,,,,,,,0,,,,,,
LC1-12-2A  --  12-2A  (alligator clips),,,,,,,,398,,,,,,,0,,,,,,
,,,,,,,,,,,,,,,,,,,,,
,,,,,,,,,,,,,,,,,,,,,
,,,,,,,,,,,,,,,,,,,,,
,,,,,,,,,,,,,,,,,,,,,
